i	j	i_id	j_id	r_sco	s_sco	prob
9	25	9_G	25_L	2.6968	3.676	1.000
8	54	8_P	54_Y	2.3681	3.228	1.000
12	26	12_E	26_D	2.1589	2.942	1.000
10	52	10_T	52_E	2.1419	2.919	1.000
8	52	8_P	52_E	2.0251	2.760	1.000
22	34	22_E	34_T	1.2896	1.758	0.999
20	36	20_E	36_R	1.2209	1.664	0.999
24	34	24_T	34_T	1.2189	1.661	0.999
14	23	14_I	23_V	1.2059	1.644	0.999
22	36	22_E	36_R	1.1930	1.626	0.999
10	26	10_T	26_D	1.1262	1.535	0.997
11	23	11_V	23_V	1.1238	1.532	0.997
57	62	57_I	62_V	1.1195	1.526	0.997
21	39	21_V	39_P	1.1176	1.523	0.997
16	21	16_N	21_V	1.0421	1.420	0.995
21	42	21_V	42_A	1.0256	1.398	0.994
13	24	13_S	24_T	1.0176	1.387	0.994
19	36	19_S	36_R	1.0151	1.383	0.994
25	55	25_L	55_A	0.9534	1.299	0.990
15	22	15_E	22_E	0.9177	1.251	0.986
26	29	26_D	29_G	0.8885	1.211	0.982
23	37	23_V	37_I	0.8163	1.113	0.969
13	16	13_S	16_N	0.8041	1.096	0.965
58	61	58_K	61_S	0.7644	1.042	0.953
59	62	59_A	62_V	0.7475	1.019	0.946
9	27	9_G	27_L	0.7225	0.985	0.935
15	20	15_E	20_E	0.7223	0.984	0.934
14	49	14_I	49_P	0.6721	0.916	0.904
15	24	15_E	24_T	0.6678	0.910	0.901
27	30	27_L	30_G	0.6495	0.885	0.887
10	50	10_T	50_G	0.6489	0.884	0.886
11	53	11_V	53_V	0.6374	0.869	0.877
17	20	17_L	20_E	0.6230	0.849	0.864
57	61	57_I	61_S	0.5876	0.801	0.826
7	57	7_L	57_I	0.5875	0.801	0.826
14	21	14_I	21_V	0.5749	0.784	0.811
12	24	12_E	24_T	0.5696	0.776	0.804
17	22	17_L	22_E	0.5640	0.769	0.797
16	39	16_N	39_P	0.5426	0.740	0.768
39	42	39_P	42_A	0.5196	0.708	0.733
13	49	13_S	49_P	0.5174	0.705	0.729
16	19	16_N	19_S	0.5116	0.697	0.720
38	41	38_T	41_S	0.5079	0.692	0.714
17	63	17_L	63_H	0.5066	0.690	0.711
25	35	25_L	35_A	0.4995	0.681	0.701
26	31	26_D	31_E	0.4959	0.676	0.694
13	22	13_S	22_E	0.4803	0.655	0.668
37	41	37_I	41_S	0.4705	0.641	0.649
19	22	19_S	22_E	0.4669	0.636	0.643
24	63	24_T	63_H	0.4652	0.634	0.640
8	28	8_P	28_G	0.4606	0.628	0.632
28	52	28_G	52_E	0.4564	0.622	0.624
11	25	11_V	25_L	0.4558	0.621	0.623
9	53	9_G	53_V	0.4309	0.587	0.576
22	63	22_E	63_H	0.4229	0.576	0.560
33	39	33_L	39_P	0.4101	0.559	0.536
17	36	17_L	36_R	0.4074	0.555	0.531
16	40	16_N	40_E	0.4063	0.554	0.529
54	57	54_Y	57_I	0.4036	0.550	0.524
50	53	50_G	53_V	0.4032	0.550	0.524
17	21	17_L	21_V	0.3963	0.540	0.509
28	31	28_G	31_E	0.3912	0.533	0.500
19	34	19_S	34_T	0.3787	0.516	0.476
17	24	17_L	24_T	0.3725	0.508	0.465
58	62	58_K	62_V	0.3678	0.501	0.455
19	39	19_S	39_P	0.3654	0.498	0.451
25	53	25_L	53_V	0.3654	0.498	0.451
21	41	21_V	41_S	0.3649	0.497	0.450
7	40	7_L	40_E	0.3618	0.493	0.444
24	31	24_T	31_E	0.3420	0.466	0.408
7	56	7_L	56_S	0.3407	0.464	0.405
41	56	41_S	56_S	0.3394	0.463	0.404
19	24	19_S	24_T	0.3346	0.456	0.395
11	51	11_V	51_D	0.3342	0.455	0.394
54	58	54_Y	58_K	0.3263	0.445	0.381
21	63	21_V	63_H	0.3257	0.444	0.380
14	37	14_I	37_I	0.3212	0.438	0.372
