i	j	i_id	j_id	r_sco	s_sco	prob
21	29	21_M	29_R	3.3094	2.246	1.000
23	38	23_L	38_R	3.0965	2.101	1.000
35	38	35_T	38_R	2.9297	1.988	1.000
21	25	21_M	25_E	2.6477	1.797	0.999
34	38	34_R	38_R	2.6033	1.767	0.999
22	25	22_S	25_E	2.4676	1.674	0.999
24	34	24_R	34_R	2.3356	1.585	0.998
23	41	23_L	41_L	2.2357	1.517	0.997
16	29	16_M	29_R	2.2028	1.495	0.997
9	40	9_E	40_Y	2.1123	1.433	0.995
39	43	39_R	43_D	1.9842	1.346	0.992
6	9	6_T	9_E	1.9704	1.337	0.992
27	37	27_S	37_I	1.9299	1.310	0.990
16	26	16_M	26_I	1.8713	1.270	0.988
35	39	35_T	39_R	1.8188	1.234	0.985
8	40	8_A	40_Y	1.7959	1.219	0.983
35	42	35_T	42_K	1.7940	1.217	0.983
24	28	24_R	28_R	1.6475	1.118	0.970
23	34	23_L	34_R	1.5642	1.061	0.958
27	34	27_S	34_R	1.5569	1.056	0.956
16	21	16_M	21_M	1.5204	1.032	0.950
8	12	8_A	12_Q	1.5084	1.024	0.948
33	36	33_S	36_C	1.4923	1.013	0.944
38	42	38_R	42_K	1.4858	1.008	0.943
36	40	36_C	40_Y	1.4436	0.980	0.933
32	40	32_R	40_Y	1.4356	0.974	0.930
36	39	36_C	39_R	1.4148	0.960	0.925
25	29	25_E	29_R	1.3465	0.914	0.903
32	37	32_R	37_I	1.3327	0.904	0.898
39	42	39_R	42_K	1.3243	0.899	0.895
17	44	17_H	44_P	1.2264	0.832	0.851
9	43	9_E	43_D	1.2204	0.828	0.848
10	14	10_Q	14_D	1.2139	0.824	0.845
17	41	17_H	41_L	1.2034	0.817	0.839
12	16	12_Q	16_M	1.1967	0.812	0.835
26	37	26_I	37_I	1.1916	0.809	0.833
5	9	5_L	9_E	1.1770	0.799	0.824
12	15	12_Q	15_V	1.1502	0.780	0.808
24	38	24_R	38_R	1.1001	0.746	0.774
25	28	25_E	28_R	1.0616	0.720	0.746
23	37	23_L	37_I	1.0613	0.720	0.746
32	36	32_R	36_C	1.0529	0.714	0.740
28	31	28_R	31_G	1.0321	0.700	0.723
40	44	40_Y	44_P	0.9942	0.675	0.693
9	12	9_E	12_Q	0.9531	0.647	0.657
14	18	14_D	18_Q	0.9511	0.645	0.655
33	39	33_S	39_R	0.9421	0.639	0.647
8	32	8_A	32_R	0.9359	0.635	0.641
6	10	6_T	10_Q	0.9169	0.622	0.624
27	30	27_S	30_I	0.8793	0.597	0.590
13	17	13_I	17_H	0.8534	0.579	0.564
24	27	24_R	27_S	0.8477	0.575	0.559
12	30	12_Q	30_I	0.8454	0.574	0.557
6	40	6_T	40_Y	0.8237	0.559	0.536
13	16	13_I	16_M	0.8197	0.556	0.532
5	10	5_L	10_Q	0.7976	0.541	0.511
15	18	15_V	18_Q	0.7869	0.534	0.501
16	30	16_M	30_I	0.7732	0.525	0.488
26	41	26_I	41_L	0.7619	0.517	0.477
