i	j	i_id	j_id	r_sco	s_sco	prob
277	280	277_R	280_E	0.9093	4.803	1.000
506	509	506_K	509_L	0.8853	4.676	1.000
53	56	53_R	56_E	0.8770	4.632	1.000
209	212	209_D	212_K	0.8444	4.460	1.000
19	22	19_D	22_E	0.8423	4.449	1.000
92	95	92_D	95_K	0.8347	4.409	1.000
390	393	390_D	393_E	0.8339	4.404	1.000
243	246	243_D	246_E	0.7990	4.220	1.000
320	323	320_D	323_L	0.7210	3.808	1.000
472	475	472_P	475_E	0.6151	3.249	1.000
158	161	158_K	161_I	0.5939	3.137	1.000
125	129	125_E	129_R	0.5289	2.793	1.000
282	286	282_E	286_S	0.5095	2.691	1.000
354	357	354_T	357_A	0.4948	2.614	1.000
395	399	395_K	399_E	0.4124	2.178	1.000
163	167	163_E	167_E	0.4110	2.171	1.000
24	28	24_L	28_E	0.4108	2.170	1.000
477	481	477_M	481_K	0.4060	2.145	1.000
130	134	130_L	134_L	0.3944	2.083	1.000
58	62	58_E	62_R	0.3858	2.038	1.000
147	196	147_S	196_T	0.3806	2.010	1.000
382	398	382_I	398_E	0.3712	1.960	1.000
312	328	312_A	328_F	0.3636	1.920	1.000
235	251	235_A	251_M	0.3551	1.875	1.000
238	246	238_L	246_E	0.3545	1.872	1.000
198	230	198_Y	230_L	0.3513	1.855	1.000
200	204	200_L	204_Y	0.3483	1.840	1.000
280	283	280_E	283_K	0.3461	1.828	1.000
501	509	501_Y	509_L	0.3442	1.818	1.000
44	48	44_R	48_L	0.3441	1.817	1.000
161	164	161_I	164_S	0.3325	1.756	0.999
78	82	78_L	82_L	0.3283	1.734	0.999
282	315	282_E	315_Y	0.3277	1.731	0.999
201	217	201_A	217_I	0.3239	1.711	0.999
482	485	482_P	485_E	0.3227	1.704	0.999
462	466	462_L	466_L	0.3203	1.692	0.999
246	249	246_E	249_E	0.3091	1.633	0.999
45	61	45_A	61_Y	0.3055	1.614	0.998
41	60	41_L	60_I	0.3029	1.600	0.998
273	314	273_L	314_A	0.2992	1.580	0.998
42	74	42_E	74_Y	0.2980	1.574	0.998
312	324	312_A	324_A	0.2980	1.574	0.998
204	212	204_Y	212_K	0.2976	1.572	0.998
79	100	79_E	100_Y	0.2963	1.565	0.998
48	56	48_L	56_E	0.2948	1.557	0.998
28	44	28_E	44_R	0.2940	1.553	0.998
149	153	149_L	153_Y	0.2908	1.536	0.997
269	285	269_A	285_A	0.2907	1.535	0.997
234	250	234_K	250_A	0.2904	1.534	0.997
282	311	282_E	311_C	0.2899	1.531	0.997
266	310	266_S	310_E	0.2896	1.530	0.997
475	478	475_E	478_K	0.2889	1.526	0.997
252	256	252_D	256_E	0.2882	1.522	0.997
358	362	358_Y	362_L	0.2856	1.508	0.997
162	166	162_I	166_V	0.2831	1.495	0.997
323	326	323_L	326_K	0.2799	1.478	0.996
27	43	27_L	43_K	0.2783	1.470	0.996
76	112	76_R	112_A	0.2782	1.470	0.996
453	457	453_E	457_K	0.2782	1.469	0.996
385	393	385_Y	393_E	0.2759	1.457	0.996
114	145	114_R	145_L	0.2757	1.456	0.996
56	59	56_E	59_K	0.2742	1.448	0.996
497	501	497_A	501_Y	0.2739	1.447	0.996
311	327	311_C	327_R	0.2730	1.442	0.996
22	25	22_E	25_E	0.2726	1.440	0.996
204	209	204_Y	209_D	0.2704	1.428	0.995
247	271	247_A	271_Y	0.2696	1.424	0.995
200	216	200_L	216_Y	0.2682	1.417	0.995
354	358	354_T	358_Y	0.2666	1.408	0.995
151	155	151_P	155_D	0.2660	1.405	0.994
212	215	212_K	215_E	0.2653	1.401	0.994
97	101	97_L	101_D	0.2633	1.391	0.994
382	394	382_I	394_A	0.2627	1.388	0.994
268	272	268_C	272_L	0.2609	1.378	0.993
357	360	357_A	360_D	0.2601	1.374	0.993
248	252	248_A	252_D	0.2600	1.373	0.993
38	64	38_L	64_L	0.2599	1.373	0.993
315	323	315_Y	323_L	0.2597	1.372	0.993
385	390	385_Y	390_D	0.2584	1.365	0.993
214	218	214_L	218_D	0.2584	1.365	0.993
45	64	45_A	64_L	0.2572	1.358	0.993
482	486	482_P	486_L	0.2567	1.356	0.993
381	385	381_A	385_Y	0.2555	1.350	0.992
502	507	502_L	507_Y	0.2543	1.343	0.992
311	315	311_C	315_Y	0.2540	1.341	0.992
477	497	477_M	497_A	0.2539	1.341	0.992
460	464	460_D	464_E	0.2531	1.337	0.992
381	397	381_A	397_G	0.2529	1.336	0.992
358	361	358_Y	361_M	0.2494	1.317	0.991
477	501	477_M	501_Y	0.2481	1.311	0.990
480	496	480_L	496_L	0.2459	1.299	0.990
454	459	454_P	459_D	0.2449	1.294	0.989
130	152	130_L	152_L	0.2431	1.284	0.989
234	238	234_K	238_L	0.2419	1.278	0.988
454	457	454_P	457_K	0.2415	1.276	0.988
78	99	78_L	99_L	0.2409	1.272	0.988
480	484	480_L	484_L	0.2404	1.270	0.988
477	506	477_M	506_K	0.2404	1.270	0.988
131	135	131_D	135_R	0.2392	1.263	0.987
330	336	330_A	336_D	0.2375	1.255	0.986
44	60	44_R	60_I	0.2374	1.254	0.986
483	493	483_L	493_T	0.2371	1.252	0.986
265	284	265_N	284_T	0.2357	1.245	0.986
495	499	495_L	499_E	0.2354	1.243	0.985
129	132	129_R	132_E	0.2350	1.241	0.985
272	284	272_L	284_T	0.2342	1.237	0.985
509	512	509_L	512_Q	0.2334	1.233	0.985
23	27	23_A	27_L	0.2331	1.231	0.984
95	98	95_K	98_E	0.2329	1.230	0.984
315	320	315_Y	320_D	0.2327	1.229	0.984
272	280	272_L	280_E	0.2325	1.228	0.984
116	120	116_L	120_F	0.2322	1.226	0.984
272	277	272_L	277_R	0.2275	1.202	0.981
476	500	476_A	500_V	0.2267	1.197	0.981
47	51	47_L	51_L	0.2256	1.192	0.980
232	264	232_M	264_I	0.2240	1.183	0.979
41	45	41_L	45_A	0.2230	1.178	0.979
461	464	461_P	464_E	0.2223	1.174	0.978
355	358	355_L	358_Y	0.2209	1.167	0.977
269	281	269_A	281_A	0.2205	1.164	0.977
235	254	235_A	254_A	0.2194	1.159	0.976
218	234	218_D	234_K	0.2191	1.157	0.976
48	53	48_L	53_R	0.2190	1.157	0.976
217	233	217_I	233_T	0.2189	1.156	0.976
61	77	61_Y	77_G	0.2188	1.156	0.976
97	120	97_L	120_F	0.2164	1.143	0.974
270	274	270_K	274_R	0.2157	1.139	0.973
197	216	197_L	216_Y	0.2155	1.138	0.973
164	168	164_S	168_E	0.2137	1.129	0.971
80	84	80_E	84_L	0.2136	1.128	0.971
58	82	58_E	82_L	0.2131	1.126	0.971
201	216	201_A	216_Y	0.2125	1.122	0.970
487	490	487_A	490_N	0.2123	1.121	0.970
496	499	496_L	499_E	0.2123	1.121	0.970
21	51	21_E	51_L	0.2121	1.120	0.970
268	284	268_C	284_T	0.2119	1.119	0.970
247	251	247_A	251_M	0.2106	1.112	0.968
76	79	76_R	79_E	0.2096	1.107	0.968
42	45	42_E	45_A	0.2075	1.096	0.965
25	29	25_E	29_K	0.2065	1.091	0.964
266	295	266_S	295_P	0.2057	1.087	0.964
235	247	235_A	247_A	0.2057	1.087	0.964
330	333	330_A	333_K	0.2053	1.084	0.963
353	358	353_M	358_Y	0.2043	1.079	0.962
269	288	269_A	288_F	0.2034	1.074	0.961
26	29	26_H	29_K	0.2023	1.068	0.959
201	213	201_A	213_A	0.2021	1.068	0.959
24	44	24_L	44_R	0.2021	1.068	0.959
57	61	57_A	61_Y	0.2018	1.066	0.959
64	67	64_L	67_R	0.2017	1.066	0.959
24	48	24_L	48_L	0.2008	1.060	0.957
239	251	239_K	251_M	0.2005	1.059	0.957
481	485	481_K	485_E	0.2005	1.059	0.957
265	288	265_N	288_F	0.2000	1.056	0.956
82	95	82_L	95_K	0.2000	1.056	0.956
42	77	42_E	77_G	0.1990	1.051	0.955
501	506	501_Y	506_K	0.1988	1.050	0.955
231	253	231_Y	253_E	0.1988	1.050	0.955
98	102	98_E	102_E	0.1986	1.049	0.955
135	139	135_R	139_R	0.1983	1.047	0.954
214	234	214_L	234_K	0.1974	1.043	0.953
85	92	85_Q	92_D	0.1974	1.043	0.953
46	50	46_E	50_K	0.1972	1.041	0.952
254	257	254_A	257_L	0.1967	1.039	0.952
27	44	27_L	44_R	0.1965	1.038	0.952
498	510	498_F	510_A	0.1964	1.037	0.951
312	327	312_A	327_R	0.1963	1.037	0.951
231	250	231_Y	250_A	0.1963	1.037	0.951
238	243	238_L	243_D	0.1952	1.031	0.950
349	358	349_C	358_Y	0.1947	1.028	0.949
269	284	269_A	284_T	0.1943	1.026	0.948
213	217	213_A	217_I	0.1940	1.025	0.948
394	398	394_A	398_E	0.1937	1.023	0.947
464	467	464_E	467_L	0.1933	1.021	0.947
119	123	119_D	123_G	0.1930	1.019	0.946
211	241	211_E	241_A	0.1925	1.017	0.945
197	219	197_L	219_K	0.1919	1.013	0.944
484	493	484_L	493_T	0.1914	1.011	0.944
79	96	79_E	96_L	0.1913	1.010	0.943
209	277	209_D	277_R	0.1906	1.007	0.942
24	47	24_L	47_L	0.1904	1.006	0.942
154	203	154_K	203_H	0.1902	1.004	0.941
393	396	393_E	396_Q	0.1897	1.002	0.941
159	162	159_A	162_I	0.1895	1.001	0.940
359	381	359_V	381_A	0.1893	1.000	0.940
378	397	378_A	397_G	0.1884	0.995	0.938
465	468	465_K	468_K	0.1884	0.995	0.938
20	24	20_Y	24_L	0.1883	0.995	0.938
478	482	478_K	482_P	0.1880	0.993	0.938
396	400	396_Q	400_Q	0.1880	0.993	0.938
278	318	278_I	318_Q	0.1877	0.991	0.937
276	319	276_G	319_G	0.1875	0.990	0.936
134	138	134_L	138_L	0.1872	0.989	0.936
201	220	201_A	220_A	0.1867	0.986	0.935
152	156	152_L	156_P	0.1863	0.984	0.934
325	329	325_L	329_H	0.1856	0.980	0.933
493	496	493_T	496_L	0.1856	0.980	0.933
316	328	316_L	328_F	0.1854	0.979	0.932
329	333	329_H	333_K	0.1853	0.979	0.932
288	291	288_F	291_E	0.1851	0.978	0.932
379	382	379_K	382_I	0.1846	0.975	0.931
214	237	214_L	237_I	0.1843	0.973	0.930
81	85	81_A	85_Q	0.1842	0.973	0.930
373	378	373_F	378_A	0.1832	0.967	0.928
198	233	198_Y	233_T	0.1821	0.962	0.926
500	504	500_V	504_K	0.1813	0.957	0.924
30	40	30_N	40_V	0.1809	0.955	0.923
460	463	460_D	463_G	0.1805	0.954	0.922
214	238	214_L	238_L	0.1805	0.953	0.922
166	169	166_V	169_Y	0.1804	0.953	0.922
60	63	60_I	63_E	0.1801	0.951	0.921
479	482	479_F	482_P	0.1797	0.949	0.920
342	374	342_Q	374_Y	0.1795	0.948	0.920
475	479	475_E	479_F	0.1795	0.948	0.920
312	331	312_A	331_V	0.1795	0.948	0.920
462	479	462_L	479_F	0.1792	0.947	0.919
75	103	75_Y	103_L	0.1786	0.944	0.918
238	247	238_L	247_A	0.1786	0.943	0.917
219	223	219_K	223_H	0.1775	0.937	0.915
49	81	49_L	81_A	0.1774	0.937	0.915
59	62	59_K	62_R	0.1766	0.933	0.913
75	99	75_Y	99_L	0.1758	0.928	0.910
197	220	197_L	220_A	0.1754	0.926	0.909
129	134	129_R	134_L	0.1754	0.926	0.909
36	41	36_D	41_L	0.1752	0.925	0.909
37	41	37_K	41_L	0.1744	0.921	0.907
202	206	202_Q	206_Y	0.1743	0.921	0.907
58	81	58_E	81_A	0.1742	0.920	0.906
231	254	231_Y	254_A	0.1742	0.920	0.906
77	80	77_G	80_E	0.1736	0.917	0.905
45	60	45_A	60_I	0.1736	0.917	0.905
31	41	31_E	41_L	0.1731	0.914	0.903
283	287	283_K	287_L	0.1731	0.914	0.903
100	328	100_Y	328_F	0.1726	0.912	0.902
349	354	349_C	354_T	0.1723	0.910	0.901
502	510	502_L	510_A	0.1723	0.910	0.901
21	25	21_E	25_E	0.1717	0.907	0.900
217	328	217_I	328_F	0.1709	0.903	0.897
20	47	20_Y	47_L	0.1705	0.901	0.896
146	165	146_F	165_L	0.1704	0.900	0.896
82	92	82_L	92_D	0.1699	0.897	0.894
163	204	163_E	204_Y	0.1699	0.897	0.894
474	504	474_E	504_K	0.1699	0.897	0.894
473	504	473_L	504_K	0.1697	0.896	0.893
490	493	490_N	493_T	0.1697	0.896	0.893
194	198	194_L	198_Y	0.1695	0.895	0.893
120	125	120_F	125_E	0.1693	0.894	0.892
215	219	215_E	219_K	0.1693	0.894	0.892
355	359	355_L	359_V	0.1692	0.894	0.892
480	497	480_L	497_A	0.1682	0.889	0.889
55	85	55_E	85_Q	0.1679	0.887	0.888
24	51	24_L	51_L	0.1678	0.886	0.888
262	266	262_R	266_S	0.1673	0.884	0.886
267	270	267_K	270_K	0.1672	0.883	0.886
252	268	252_D	268_C	0.1670	0.882	0.885
235	250	235_A	250_A	0.1665	0.879	0.883
484	494	484_L	494_H	0.1663	0.878	0.883
147	199	147_S	199_F	0.1662	0.878	0.883
228	232	228_V	232_M	0.1662	0.878	0.883
270	310	270_K	310_E	0.1658	0.875	0.881
218	246	218_D	246_E	0.1658	0.875	0.881
217	285	217_I	285_A	0.1655	0.874	0.880
359	362	359_V	362_L	0.1654	0.873	0.880
48	60	48_L	60_I	0.1651	0.872	0.879
253	257	253_E	257_L	0.1648	0.870	0.878
134	137	134_L	137_Q	0.1645	0.869	0.877
229	233	229_E	233_T	0.1645	0.869	0.877
26	30	26_H	30_N	0.1643	0.868	0.876
262	288	262_R	288_F	0.1642	0.867	0.876
286	311	286_S	311_C	0.1641	0.867	0.876
39	43	39_A	43_K	0.1638	0.865	0.874
498	502	498_F	502_L	0.1637	0.865	0.874
313	317	313_E	317_R	0.1635	0.864	0.874
237	241	237_I	241_A	0.1633	0.863	0.873
507	510	507_Y	510_A	0.1631	0.862	0.872
62	78	62_R	78_L	0.1626	0.859	0.870
94	98	94_E	98_E	0.1626	0.859	0.870
36	40	36_D	40_V	0.1624	0.858	0.870
132	136	132_E	136_P	0.1621	0.856	0.868
205	213	205_D	213_A	0.1616	0.853	0.866
391	394	391_K	394_A	0.1615	0.853	0.866
359	363	359_V	363_R	0.1615	0.853	0.866
343	346	343_F	346_H	0.1614	0.852	0.866
252	280	252_D	280_E	0.1612	0.851	0.865
495	498	495_L	498_F	0.1610	0.850	0.864
499	503	499_E	503_R	0.1606	0.848	0.863
42	46	42_E	46_E	0.1603	0.847	0.862
463	466	463_G	466_L	0.1603	0.847	0.862
248	275	248_A	275_A	0.1601	0.845	0.861
34	37	34_I	37_K	0.1600	0.845	0.861
380	383	380_G	383_R	0.1598	0.844	0.860
198	202	198_Y	202_Q	0.1597	0.844	0.860
327	330	327_R	330_A	0.1595	0.843	0.859
462	465	462_L	465_K	0.1595	0.842	0.859
204	216	204_Y	216_Y	0.1591	0.840	0.857
40	43	40_V	43_K	0.1590	0.840	0.857
68	71	68_N	71_N	0.1588	0.839	0.856
60	250	60_I	250_A	0.1586	0.838	0.856
108	112	108_P	112_A	0.1585	0.837	0.855
281	285	281_A	285_A	0.1584	0.836	0.854
466	479	466_L	479_F	0.1583	0.836	0.854
37	40	37_K	40_V	0.1582	0.836	0.854
218	222	218_D	222_E	0.1582	0.835	0.853
150	162	150_K	162_I	0.1577	0.833	0.852
462	467	462_L	467_L	0.1571	0.830	0.850
20	51	20_Y	51_L	0.1569	0.829	0.849
110	113	110_S	113_P	0.1568	0.828	0.848
245	249	245_K	249_E	0.1562	0.825	0.846
293	296	293_V	296_L	0.1559	0.823	0.844
464	496	464_E	496_L	0.1559	0.823	0.844
129	133	129_R	133_Y	0.1557	0.822	0.843
253	256	253_E	256_E	0.1553	0.820	0.842
375	382	375_R	382_I	0.1551	0.819	0.841
349	352	349_C	352_K	0.1550	0.819	0.841
499	502	499_E	502_L	0.1549	0.818	0.840
356	359	356_R	359_V	0.1548	0.817	0.839
481	509	481_K	509_L	0.1547	0.817	0.839
322	508	322_G	508_L	0.1545	0.816	0.839
159	163	159_A	163_E	0.1544	0.815	0.838
57	81	57_A	81_A	0.1543	0.815	0.838
376	379	376_R	379_K	0.1537	0.812	0.835
452	456	452_V	456_K	0.1536	0.812	0.835
118	122	118_L	122_E	0.1535	0.811	0.835
346	377	346_H	377_A	0.1534	0.810	0.834
79	103	79_E	103_L	0.1534	0.810	0.834
464	468	464_E	468_K	0.1534	0.810	0.834
137	145	137_Q	145_L	0.1531	0.808	0.832
292	295	292_D	295_P	0.1528	0.807	0.831
146	169	146_F	169_Y	0.1528	0.807	0.831
383	387	383_R	387_E	0.1525	0.805	0.830
55	94	55_E	94_E	0.1524	0.805	0.830
385	397	385_Y	397_G	0.1524	0.805	0.830
248	272	248_A	272_L	0.1522	0.804	0.829
63	67	63_E	67_R	0.1519	0.802	0.827
476	480	476_A	480_L	0.1517	0.801	0.826
375	379	375_R	379_K	0.1515	0.800	0.825
463	480	463_G	480_L	0.1511	0.798	0.824
481	497	481_K	497_A	0.1511	0.798	0.824
386	398	386_L	398_E	0.1509	0.797	0.823
63	66	63_E	66_D	0.1507	0.796	0.822
238	250	238_L	250_A	0.1505	0.795	0.821
202	233	202_Q	233_T	0.1503	0.794	0.820
269	310	269_A	310_E	0.1502	0.794	0.820
214	241	214_L	241_A	0.1502	0.793	0.819
288	295	288_F	295_P	0.1500	0.792	0.818
236	240	236_R	240_H	0.1500	0.792	0.818
131	153	131_D	153_Y	0.1499	0.792	0.818
457	466	457_K	466_L	0.1498	0.791	0.818
286	315	286_S	315_Y	0.1496	0.790	0.817
103	331	103_L	331_V	0.1496	0.790	0.817
166	170	166_V	170_V	0.1496	0.790	0.817
249	252	249_E	252_D	0.1493	0.789	0.816
54	81	54_K	81_A	0.1493	0.788	0.815
371	377	371_H	377_A	0.1482	0.783	0.810
346	358	346_H	358_Y	0.1482	0.783	0.810
453	456	453_E	456_K	0.1481	0.782	0.809
363	367	363_R	367_K	0.1478	0.781	0.808
284	327	284_T	327_R	0.1478	0.781	0.808
211	245	211_E	245_K	0.1477	0.780	0.808
367	370	367_K	370_S	0.1475	0.779	0.807
210	214	210_Y	214_L	0.1475	0.779	0.807
204	385	204_Y	385_Y	0.1469	0.776	0.804
349	361	349_C	361_M	0.1467	0.775	0.803
130	133	130_L	133_Y	0.1466	0.774	0.802
250	284	250_A	284_T	0.1465	0.774	0.802
271	275	271_Y	275_A	0.1464	0.773	0.801
266	269	266_S	269_A	0.1463	0.773	0.801
248	271	248_A	271_Y	0.1461	0.771	0.799
53	158	53_R	158_K	0.1458	0.770	0.798
357	362	357_A	362_L	0.1457	0.770	0.798
110	114	110_S	114_R	0.1455	0.769	0.797
351	362	351_R	362_L	0.1455	0.768	0.796
507	511	507_Y	511_L	0.1452	0.767	0.795
153	158	153_Y	158_K	0.1452	0.767	0.795
396	399	396_Q	399_E	0.1451	0.766	0.794
250	253	250_A	253_E	0.1446	0.764	0.792
234	237	234_K	237_I	0.1444	0.763	0.791
62	102	62_R	102_E	0.1442	0.762	0.790
230	235	230_L	235_A	0.1442	0.762	0.790
297	344	297_S	344_D	0.1442	0.761	0.789
384	388	384_I	388_L	0.1440	0.760	0.788
477	504	477_M	504_K	0.1436	0.758	0.786
505	508	505_G	508_L	0.1435	0.758	0.786
108	113	108_P	113_P	0.1433	0.757	0.785
24	97	24_L	97_L	0.1432	0.757	0.785
117	201	117_P	201_A	0.1432	0.756	0.784
153	272	153_Y	272_L	0.1431	0.756	0.784
166	251	166_V	251_M	0.1431	0.756	0.784
322	326	322_G	326_K	0.1431	0.756	0.784
477	500	477_M	500_V	0.1430	0.755	0.783
502	505	502_L	505_G	0.1428	0.754	0.782
363	366	363_R	366_D	0.1428	0.754	0.782
60	327	60_I	327_R	0.1428	0.754	0.782
349	357	349_C	357_A	0.1426	0.753	0.781
150	154	150_K	154_K	0.1423	0.752	0.780
283	286	283_K	286_S	0.1423	0.751	0.779
38	42	38_L	42_E	0.1421	0.751	0.779
78	149	78_L	149_L	0.1421	0.751	0.779
198	201	198_Y	201_A	0.1417	0.749	0.777
203	207	203_H	207_L	0.1417	0.749	0.777
46	61	46_E	61_Y	0.1414	0.747	0.775
222	333	222_E	333_K	0.1414	0.747	0.775
268	381	268_C	381_A	0.1412	0.746	0.774
454	467	454_P	467_L	0.1412	0.746	0.774
59	63	59_K	63_E	0.1412	0.746	0.774
315	327	315_Y	327_R	0.1411	0.745	0.773
54	58	54_K	58_E	0.1408	0.744	0.772
71	74	71_N	74_Y	0.1407	0.743	0.771
223	257	223_H	257_L	0.1402	0.741	0.769
79	99	79_E	99_L	0.1402	0.740	0.768
100	217	100_Y	217_I	0.1402	0.740	0.768
80	115	80_E	115_R	0.1401	0.740	0.768
162	203	162_I	203_H	0.1399	0.739	0.767
498	501	498_F	501_Y	0.1398	0.739	0.767
463	470	463_G	470_E	0.1397	0.738	0.766
75	231	75_Y	231_Y	0.1393	0.736	0.764
378	494	378_A	494_H	0.1392	0.735	0.763
114	117	114_R	117_P	0.1391	0.735	0.763
49	54	49_L	54_K	0.1390	0.734	0.762
456	464	456_K	464_E	0.1389	0.734	0.762
480	493	480_L	493_T	0.1388	0.733	0.761
205	210	205_D	210_Y	0.1384	0.731	0.758
75	79	75_Y	79_E	0.1383	0.731	0.758
46	77	46_E	77_G	0.1383	0.731	0.758
21	53	21_E	53_R	0.1383	0.731	0.758
62	82	62_R	82_L	0.1382	0.730	0.757
273	310	273_L	310_E	0.1380	0.729	0.756
144	147	144_S	147_S	0.1379	0.728	0.755
345	349	345_F	349_C	0.1378	0.728	0.755
117	133	117_P	133_Y	0.1377	0.727	0.754
97	123	97_L	123_G	0.1376	0.727	0.754
232	254	232_M	254_A	0.1375	0.726	0.753
96	100	96_L	100_Y	0.1374	0.726	0.753
487	493	487_A	493_T	0.1374	0.726	0.753
264	268	264_I	268_C	0.1373	0.725	0.752
60	216	60_I	216_Y	0.1371	0.724	0.751
57	78	57_A	78_L	0.1369	0.723	0.750
162	169	162_I	169_Y	0.1369	0.723	0.750
463	467	463_G	467_L	0.1369	0.723	0.750
231	235	231_Y	235_A	0.1368	0.723	0.750
356	390	356_R	390_D	0.1367	0.722	0.749
290	333	290_R	333_K	0.1367	0.722	0.749
458	466	458_D	466_L	0.1367	0.722	0.749
232	267	232_M	267_K	0.1366	0.722	0.749
220	230	220_A	230_L	0.1365	0.721	0.747
281	314	281_A	314_A	0.1364	0.721	0.747
97	119	97_L	119_D	0.1364	0.720	0.746
263	266	263_Y	266_S	0.1364	0.720	0.746
49	61	49_L	61_Y	0.1359	0.718	0.744
280	284	280_E	284_T	0.1358	0.718	0.744
22	26	22_E	26_H	0.1358	0.717	0.743
459	464	459_D	464_E	0.1357	0.717	0.743
37	45	37_K	45_A	0.1356	0.716	0.742
463	469	463_G	469_T	0.1353	0.715	0.741
205	233	205_D	233_T	0.1351	0.714	0.740
382	397	382_I	397_G	0.1350	0.713	0.738
389	394	389_H	394_A	0.1349	0.712	0.737
218	252	218_D	252_D	0.1345	0.710	0.735
249	253	249_E	253_E	0.1344	0.710	0.735
62	66	62_R	66_D	0.1343	0.709	0.734
28	56	28_E	56_E	0.1343	0.709	0.734
375	378	375_R	378_A	0.1343	0.709	0.734
217	234	217_I	234_K	0.1341	0.708	0.733
251	267	251_M	267_K	0.1340	0.708	0.733
491	498	491_I	498_F	0.1340	0.708	0.733
159	244	159_A	244_L	0.1333	0.704	0.728
194	220	194_L	220_A	0.1331	0.703	0.727
104	108	104_A	108_P	0.1331	0.703	0.727
278	314	278_I	314_A	0.1325	0.700	0.723
279	283	279_E	283_K	0.1322	0.698	0.721
377	381	377_A	381_A	0.1321	0.698	0.721
41	64	41_L	64_L	0.1320	0.697	0.720
126	130	126_F	130_L	0.1319	0.697	0.720
285	310	285_A	310_E	0.1318	0.696	0.719
99	250	99_L	250_A	0.1316	0.695	0.717
58	78	58_E	78_L	0.1315	0.694	0.716
41	231	41_L	231_Y	0.1314	0.694	0.716
78	200	78_L	200_L	0.1312	0.693	0.715
325	348	325_L	348_Y	0.1312	0.693	0.715
352	358	352_K	358_Y	0.1312	0.693	0.715
479	483	479_F	483_L	0.1309	0.691	0.713
43	46	43_K	46_E	0.1309	0.691	0.713
329	332	329_H	332_L	0.1308	0.691	0.713
92	320	92_D	320_D	0.1306	0.690	0.711
18	23	18_G	23_A	0.1301	0.687	0.708
484	487	484_L	487_A	0.1301	0.687	0.708
75	81	75_Y	81_A	0.1300	0.686	0.707
205	237	205_D	237_I	0.1299	0.686	0.707
457	464	457_K	464_E	0.1298	0.686	0.707
227	235	227_L	235_A	0.1297	0.685	0.705
212	216	212_K	216_Y	0.1292	0.683	0.703
366	369	366_D	369_R	0.1292	0.682	0.702
493	497	493_T	497_A	0.1291	0.682	0.702
167	252	167_E	252_D	0.1291	0.682	0.702
201	233	201_A	233_T	0.1289	0.681	0.701
197	265	197_L	265_N	0.1288	0.680	0.699
82	204	82_L	204_Y	0.1287	0.680	0.699
324	328	324_A	328_F	0.1286	0.679	0.698
210	237	210_Y	237_I	0.1286	0.679	0.698
222	256	222_E	256_E	0.1284	0.678	0.697
350	358	350_L	358_Y	0.1283	0.678	0.697
58	65	58_E	65_I	0.1283	0.678	0.697
85	207	85_Q	207_L	0.1281	0.677	0.696
133	136	133_Y	136_P	0.1280	0.676	0.694
160	164	160_A	164_S	0.1278	0.675	0.693
31	40	31_E	40_V	0.1278	0.675	0.693
98	101	98_E	101_D	0.1277	0.675	0.693
100	251	100_Y	251_M	0.1277	0.674	0.692
292	296	292_D	296_L	0.1276	0.674	0.692
210	241	210_Y	241_A	0.1275	0.674	0.692
61	78	61_Y	78_L	0.1273	0.673	0.691
287	291	287_L	291_E	0.1273	0.673	0.691
61	217	61_Y	217_I	0.1271	0.671	0.688
469	472	469_T	472_P	0.1270	0.671	0.688
458	465	458_D	465_K	0.1268	0.670	0.687
58	85	58_E	85_Q	0.1268	0.670	0.687
455	459	455_K	459_D	0.1267	0.669	0.686
374	377	374_Y	377_A	0.1266	0.669	0.686
115	119	115_R	119_D	0.1262	0.667	0.683
379	383	379_K	383_R	0.1262	0.666	0.682
228	254	228_V	254_A	0.1262	0.666	0.682
104	332	104_A	332_L	0.1261	0.666	0.682
63	219	63_E	219_K	0.1261	0.666	0.682
86	93	86_L	93_V	0.1261	0.666	0.682
153	162	153_Y	162_I	0.1259	0.665	0.681
232	236	232_M	236_R	0.1258	0.665	0.681
56	60	56_E	60_I	0.1258	0.664	0.679
45	49	45_A	49_L	0.1257	0.664	0.679
27	40	27_L	40_V	0.1257	0.664	0.679
349	362	349_C	362_L	0.1255	0.663	0.678
273	278	273_L	278_I	0.1255	0.663	0.678
321	325	321_Y	325_L	0.1255	0.663	0.678
41	47	41_L	47_L	0.1254	0.662	0.677
356	360	356_R	360_D	0.1252	0.661	0.675
455	458	455_K	458_D	0.1248	0.659	0.673
468	503	468_K	503_R	0.1247	0.659	0.673
103	106	103_L	106_K	0.1247	0.658	0.672
237	314	237_I	314_A	0.1246	0.658	0.672
286	330	286_S	330_A	0.1245	0.657	0.670
68	74	68_N	74_Y	0.1244	0.657	0.670
333	336	333_K	336_D	0.1243	0.657	0.670
218	286	218_D	286_S	0.1243	0.657	0.670
39	45	39_A	45_A	0.1243	0.656	0.669
452	455	452_V	455_K	0.1240	0.655	0.668
477	509	477_M	509_L	0.1240	0.655	0.668
377	380	377_A	380_G	0.1239	0.654	0.666
72	76	72_Y	76_R	0.1239	0.654	0.666
344	348	344_D	348_Y	0.1238	0.654	0.666
38	45	38_L	45_A	0.1236	0.653	0.665
146	152	146_F	152_L	0.1236	0.653	0.665
220	288	220_A	288_F	0.1236	0.653	0.665
460	496	460_D	496_L	0.1235	0.652	0.664
94	125	94_E	125_E	0.1232	0.651	0.663
233	237	233_T	237_I	0.1232	0.651	0.663
49	77	49_L	77_G	0.1231	0.650	0.661
114	232	114_R	232_M	0.1230	0.650	0.661
349	356	349_C	356_R	0.1227	0.648	0.659
273	281	273_L	281_A	0.1227	0.648	0.659
230	493	230_L	493_T	0.1227	0.648	0.659
265	269	265_N	269_A	0.1227	0.648	0.659
349	359	349_C	359_V	0.1226	0.648	0.659
99	102	99_L	102_E	0.1223	0.646	0.656
378	382	378_A	382_I	0.1222	0.646	0.656
40	44	40_V	44_R	0.1220	0.644	0.653
508	511	508_L	511_L	0.1220	0.644	0.653
150	199	150_K	199_F	0.1219	0.644	0.653
150	166	150_K	166_V	0.1216	0.642	0.651
459	463	459_D	463_G	0.1214	0.641	0.649
72	111	72_Y	111_D	0.1214	0.641	0.649
478	481	478_K	481_K	0.1214	0.641	0.649
336	341	336_D	341_D	0.1213	0.641	0.649
235	239	235_A	239_K	0.1213	0.641	0.649
340	344	340_E	344_D	0.1211	0.639	0.647
125	128	125_E	128_E	0.1210	0.639	0.647
65	74	65_I	74_Y	0.1209	0.639	0.647
362	366	362_L	366_D	0.1208	0.638	0.645
155	206	155_D	206_Y	0.1208	0.638	0.645
116	119	116_L	119_D	0.1207	0.637	0.644
45	57	45_A	57_A	0.1207	0.637	0.644
310	313	310_E	313_E	0.1206	0.637	0.644
204	272	204_Y	272_L	0.1206	0.637	0.644
138	141	138_L	141_G	0.1204	0.636	0.643
373	377	373_F	377_A	0.1204	0.636	0.643
38	67	38_L	67_R	0.1204	0.636	0.643
314	384	314_A	384_I	0.1204	0.636	0.643
40	47	40_V	47_L	0.1202	0.635	0.641
358	384	358_Y	384_I	0.1201	0.635	0.641
159	203	159_A	203_H	0.1201	0.634	0.640
149	268	149_L	268_C	0.1201	0.634	0.640
271	500	271_Y	500_V	0.1200	0.634	0.640
498	507	498_F	507_Y	0.1200	0.634	0.640
239	273	239_K	273_L	0.1200	0.634	0.640
20	23	20_Y	23_A	0.1200	0.634	0.640
356	361	356_R	361_M	0.1198	0.633	0.639
206	274	206_Y	274_R	0.1198	0.633	0.639
97	214	97_L	214_L	0.1198	0.633	0.639
217	237	217_I	237_I	0.1196	0.632	0.637
316	321	316_L	321_Y	0.1196	0.632	0.637
114	118	114_R	118_L	0.1195	0.631	0.636
82	272	82_L	272_L	0.1195	0.631	0.636
221	255	221_I	255_R	0.1195	0.631	0.636
492	496	492_E	496_L	0.1195	0.631	0.636
