i	j	i_id	j_id	r_sco	s_sco	prob
4	41	4_K	41_Y	2.7817	4.286	1.000
7	28	7_R	28_D	1.9262	2.968	1.000
2	9	2_D	9_E	1.4462	2.228	1.000
34	50	34_F	50_M	1.2734	1.962	1.000
7	31	7_R	31_F	1.0735	1.654	0.999
35	38	35_D	38_G	1.0101	1.556	0.998
6	9	6_T	9_E	0.9918	1.528	0.997
11	24	11_R	24_E	0.9912	1.527	0.997
23	26	23_S	26_E	0.9900	1.525	0.997
43	46	43_S	46_E	0.9762	1.504	0.997
39	46	39_D	46_E	0.9668	1.490	0.997
39	43	39_D	43_S	0.9625	1.483	0.997
44	48	44_F	48_I	0.9155	1.411	0.995
44	47	44_F	47_F	0.8902	1.372	0.993
34	42	34_F	42_I	0.8379	1.291	0.989
37	43	37_D	43_S	0.8196	1.263	0.987
35	40	35_D	40_G	0.8136	1.254	0.986
35	39	35_D	39_D	0.7842	1.208	0.982
13	17	13_A	17_L	0.7571	1.167	0.977
7	11	7_R	11_R	0.7435	1.146	0.974
2	6	2_D	6_T	0.7415	1.143	0.974
45	49	45_D	49_S	0.7034	1.084	0.963
28	32	28_D	32_R	0.6876	1.060	0.957
12	15	12_R	15_S	0.6656	1.026	0.948
32	38	32_R	38_G	0.6603	1.017	0.945
10	31	10_F	31_F	0.6521	1.005	0.942
37	46	37_D	46_E	0.6350	0.979	0.932
5	10	5_I	10_F	0.6049	0.932	0.912
6	41	6_T	41_Y	0.6015	0.927	0.910
36	49	36_T	49_S	0.5980	0.921	0.907
14	44	14_L	44_F	0.5871	0.905	0.898
29	33	29_R	33_E	0.5608	0.864	0.874
16	19	16_K	19_I	0.5579	0.860	0.871
27	31	27_V	31_F	0.5507	0.849	0.864
4	43	4_K	43_S	0.5438	0.838	0.856
36	39	36_T	39_D	0.5337	0.822	0.843
11	22	11_R	22_L	0.5291	0.815	0.838
22	26	22_L	26_E	0.5178	0.798	0.824
36	46	36_T	46_E	0.5013	0.772	0.800
24	27	24_E	27_V	0.4904	0.756	0.784
35	46	35_D	46_E	0.4891	0.754	0.782
11	27	11_R	27_V	0.4887	0.753	0.781
45	48	45_D	48_I	0.4860	0.749	0.777
24	28	24_E	28_D	0.4731	0.729	0.756
8	12	8_E	12_R	0.4730	0.729	0.756
30	50	30_L	50_M	0.4700	0.724	0.751
29	32	29_R	32_R	0.4569	0.704	0.728
15	29	15_S	29_R	0.4463	0.688	0.709
8	11	8_E	11_R	0.4367	0.673	0.691
31	35	31_F	35_D	0.4358	0.671	0.688
16	33	16_K	33_E	0.4346	0.670	0.687
12	19	12_R	19_I	0.4345	0.670	0.687
10	30	10_F	30_L	0.4329	0.667	0.683
11	28	11_R	28_D	0.4298	0.662	0.677
32	36	32_R	36_T	0.4199	0.647	0.657
3	49	3_G	49_S	0.4175	0.643	0.652
30	34	30_L	34_F	0.4173	0.643	0.652
47	51	47_F	51_M	0.4167	0.642	0.651
25	28	25_E	28_D	0.4071	0.627	0.631
13	19	13_A	19_I	0.4070	0.627	0.631
30	47	30_L	47_F	0.4059	0.626	0.629
26	29	26_E	29_R	0.3914	0.603	0.598
14	17	14_L	17_L	0.3893	0.600	0.594
18	23	18_G	23_S	0.3863	0.595	0.587
16	48	16_K	48_I	0.3817	0.588	0.577
13	47	13_A	47_F	0.3749	0.578	0.563
33	36	33_E	36_T	0.3732	0.575	0.559
38	49	38_G	49_S	0.3731	0.575	0.559
5	9	5_I	9_E	0.3718	0.573	0.556
7	32	7_R	32_R	0.3686	0.568	0.549
43	48	43_S	48_I	0.3678	0.567	0.547
10	34	10_F	34_F	0.3673	0.566	0.546
15	27	15_S	27_V	0.3635	0.560	0.538
42	47	42_I	47_F	0.3615	0.557	0.533
