i	j	i_id	j_id	r_sco	s_sco	prob
9	60	9_I	60_V	2.6356	3.628	1.000
48	51	48_E	51_V	2.2773	3.135	1.000
4	7	4_D	7_R	1.9161	2.638	1.000
18	54	18_A	54_A	1.5259	2.101	1.000
7	62	7_R	62_A	1.4482	1.994	1.000
4	64	4_D	64_H	1.3318	1.833	1.000
44	47	44_P	47_D	1.3093	1.802	0.999
17	53	17_L	53_E	1.3090	1.802	0.999
12	15	12_G	15_V	1.1051	1.521	0.997
13	16	13_L	16_E	1.0484	1.443	0.996
17	57	17_L	57_A	1.0359	1.426	0.995
52	55	52_R	55_A	1.0047	1.383	0.994
12	24	12_G	24_L	0.9786	1.347	0.992
13	57	13_L	57_A	0.9634	1.326	0.991
8	14	8_C	14_C	0.9441	1.300	0.990
48	54	48_E	54_A	0.9316	1.282	0.988
18	48	18_A	48_E	0.8751	1.205	0.982
3	63	3_V	63_I	0.8733	1.202	0.981
53	56	53_E	56_E	0.8703	1.198	0.981
9	13	9_I	13_L	0.8676	1.194	0.981
8	11	8_C	11_C	0.8532	1.175	0.978
53	57	53_E	57_A	0.8376	1.153	0.975
55	63	55_A	63_I	0.8258	1.137	0.973
18	51	18_A	51_V	0.8113	1.117	0.969
18	50	18_A	50_D	0.8086	1.113	0.969
45	50	45_E	50_D	0.8086	1.113	0.969
13	59	13_L	59_P	0.7958	1.095	0.965
51	54	51_V	54_A	0.7928	1.091	0.964
20	49	20_E	49_E	0.7350	1.012	0.944
13	17	13_L	17_L	0.7268	1.001	0.940
30	33	30_A	33_L	0.7109	0.979	0.932
8	58	8_C	58_C	0.6791	0.935	0.914
3	10	3_V	10_G	0.6495	0.894	0.892
11	18	11_C	18_A	0.5885	0.810	0.834
12	16	12_G	16_E	0.5862	0.807	0.831
7	60	7_R	60_V	0.5686	0.783	0.810
19	49	19_P	49_E	0.5630	0.775	0.803
15	24	15_V	24_L	0.5595	0.770	0.798
45	51	45_E	51_V	0.5500	0.757	0.785
50	53	50_D	53_E	0.5400	0.743	0.771
46	50	46_E	50_D	0.5381	0.741	0.769
14	58	14_C	58_C	0.5367	0.739	0.767
48	52	48_E	52_R	0.5348	0.736	0.764
46	49	46_E	49_E	0.5332	0.734	0.762
45	48	45_E	48_E	0.5302	0.730	0.757
25	31	25_D	31_V	0.5258	0.724	0.751
11	60	11_C	60_V	0.5131	0.706	0.730
21	47	21_V	47_D	0.5105	0.703	0.727
27	31	27_D	31_V	0.5103	0.703	0.727
5	10	5_R	10_G	0.4982	0.686	0.707
11	58	11_C	58_C	0.4976	0.685	0.705
11	14	11_C	14_C	0.4946	0.681	0.701
28	31	28_G	31_V	0.4877	0.671	0.688
19	22	19_P	22_F	0.4780	0.658	0.672
29	32	29_K	32_V	0.4730	0.651	0.663
10	15	10_G	15_V	0.4672	0.643	0.652
19	23	19_P	23_E	0.4630	0.637	0.644
47	50	47_D	50_D	0.4550	0.626	0.629
29	33	29_K	33_L	0.4546	0.626	0.629
19	53	19_P	53_E	0.4538	0.625	0.628
49	53	49_E	53_E	0.4488	0.618	0.618
26	30	26_D	30_A	0.4442	0.612	0.610
27	30	27_D	30_A	0.4432	0.610	0.608
23	26	23_E	26_D	0.4427	0.609	0.606
23	33	23_E	33_L	0.4407	0.607	0.603
52	56	52_R	56_E	0.4366	0.601	0.595
16	57	16_E	57_A	0.4354	0.599	0.592
23	27	23_E	27_D	0.4266	0.587	0.576
9	59	9_I	59_P	0.4236	0.583	0.570
45	49	45_E	49_E	0.4090	0.563	0.542
26	29	26_D	29_K	0.4036	0.556	0.532
26	44	26_D	44_P	0.3966	0.546	0.518
6	28	6_D	28_G	0.3963	0.546	0.518
58	62	58_C	62_A	0.3945	0.543	0.514
13	60	13_L	60_V	0.3829	0.527	0.491
4	62	4_D	62_A	0.3820	0.526	0.490
17	50	17_L	50_D	0.3778	0.520	0.481
11	24	11_C	24_L	0.3775	0.520	0.481
