i	j	i_id	j_id	r_sco	s_sco	prob
29	32	29_C	32_C	1.7909	2.471	1.000
18	54	18_K	54_V	1.7013	2.347	1.000
20	54	20_V	54_V	1.5868	2.189	1.000
25	57	25_G	57_K	1.5127	2.087	1.000
36	57	36_E	57_K	1.4133	1.950	1.000
35	77	35_L	77_F	1.3677	1.887	1.000
60	67	60_V	67_A	1.3163	1.816	1.000
20	56	20_V	56_V	1.2765	1.761	0.999
23	36	23_D	36_E	1.1507	1.588	0.998
21	39	21_L	39_V	1.1108	1.533	0.997
68	71	68_Q	71_R	1.0403	1.435	0.995
60	74	60_V	74_Y	1.0375	1.431	0.995
26	74	26_A	74_Y	1.0372	1.431	0.995
46	50	46_Q	50_N	1.0158	1.401	0.994
31	34	31_P	34_K	1.0103	1.394	0.994
23	57	23_D	57_K	0.9845	1.358	0.993
59	62	59_D	62_D	0.9715	1.340	0.992
19	79	19_P	79_F	0.9532	1.315	0.991
23	35	23_D	35_L	0.9350	1.290	0.989
21	77	21_L	77_F	0.9321	1.286	0.989
23	31	23_D	31_P	0.8820	1.217	0.983
27	59	27_D	59_D	0.8498	1.172	0.978
43	47	43_P	47_E	0.8462	1.168	0.977
43	75	43_P	75_P	0.8414	1.161	0.976
24	78	24_F	78_F	0.8388	1.157	0.976
48	52	48_A	52_N	0.8185	1.129	0.971
22	80	22_V	80_L	0.7816	1.078	0.962
25	36	25_G	36_E	0.7772	1.072	0.960
64	67	64_D	67_A	0.7665	1.058	0.957
19	53	19_P	53_F	0.7656	1.056	0.956
24	60	24_F	60_V	0.7597	1.048	0.954
34	38	34_K	38_E	0.7597	1.048	0.954
27	66	27_D	66_N	0.7588	1.047	0.954
25	59	25_G	59_D	0.7559	1.043	0.953
43	46	43_P	46_Q	0.7527	1.038	0.952
46	75	46_Q	75_P	0.7367	1.016	0.945
21	79	21_L	79_F	0.7322	1.010	0.943
69	80	69_F	80_L	0.7238	0.999	0.940
49	55	49_L	55_L	0.7163	0.988	0.936
63	66	63_E	66_N	0.6966	0.961	0.925
18	52	18_K	52_N	0.6721	0.927	0.910
45	48	45_V	48_A	0.6662	0.919	0.906
23	77	23_D	77_F	0.6522	0.900	0.896
45	49	45_V	49_L	0.6449	0.890	0.890
44	47	44_E	47_E	0.6440	0.889	0.889
63	67	63_E	67_A	0.6397	0.883	0.886
35	39	35_L	39_V	0.6375	0.880	0.884
30	34	30_P	34_K	0.6224	0.859	0.870
37	43	37_R	43_P	0.6207	0.856	0.868
34	37	34_K	37_R	0.6180	0.853	0.866
31	74	31_P	74_Y	0.6156	0.849	0.864
21	55	21_L	55_L	0.6147	0.848	0.863
71	76	71_R	76_T	0.6082	0.839	0.856
14	18	14_K	18_K	0.6035	0.833	0.852
19	52	19_P	52_N	0.5802	0.801	0.826
24	58	24_F	58_V	0.5727	0.790	0.817
28	72	28_W	72_Q	0.5720	0.789	0.816
48	51	48_A	51_K	0.5700	0.786	0.813
46	49	46_Q	49_L	0.5678	0.783	0.810
24	69	24_F	69_F	0.5646	0.779	0.807
16	19	16_E	19_P	0.5575	0.769	0.797
14	17	14_K	17_G	0.5566	0.768	0.796
44	48	44_E	48_A	0.5552	0.766	0.794
33	36	33_K	36_E	0.5543	0.765	0.793
30	33	30_P	33_K	0.5503	0.759	0.787
19	23	19_P	23_D	0.5486	0.757	0.785
49	52	49_L	52_N	0.5413	0.747	0.775
39	55	39_V	55_L	0.5341	0.737	0.765
31	73	31_P	73_G	0.5327	0.735	0.763
70	80	70_D	80_L	0.5262	0.726	0.753
27	61	27_D	61_D	0.5244	0.724	0.751
27	62	27_D	62_D	0.5222	0.720	0.746
51	55	51_K	55_L	0.5162	0.712	0.737
49	53	49_L	53_F	0.5125	0.707	0.732
28	74	28_W	74_Y	0.5117	0.706	0.730
29	37	29_C	37_R	0.5005	0.691	0.713
35	38	35_L	38_E	0.4928	0.680	0.699
70	78	70_D	78_F	0.4927	0.680	0.699
22	56	22_V	56_V	0.4893	0.675	0.693
16	54	16_E	54_V	0.4832	0.667	0.683
75	79	75_P	79_F	0.4823	0.665	0.681
23	32	23_D	32_C	0.4597	0.634	0.640
26	61	26_A	61_D	0.4586	0.633	0.639
28	61	28_W	61_D	0.4584	0.632	0.637
25	33	25_G	33_K	0.4544	0.627	0.631
39	45	39_V	45_V	0.4465	0.616	0.616
72	76	72_Q	76_T	0.4454	0.615	0.614
15	20	15_K	20_V	0.4396	0.607	0.603
24	76	24_F	76_T	0.4380	0.604	0.599
50	55	50_N	55_L	0.4340	0.599	0.592
28	33	28_W	33_K	0.4330	0.597	0.590
58	66	58_V	66_N	0.4321	0.596	0.588
38	45	38_E	45_V	0.4300	0.593	0.584
61	66	61_D	66_N	0.4282	0.591	0.581
52	55	52_N	55_L	0.4280	0.591	0.581
75	80	75_P	80_L	0.4183	0.577	0.562
