i	j	i_id	j_id	r_sco	s_sco	prob
25	30	25_F	30_A	1.8446	2.525	1.000
40	43	40_C	43_C	1.7001	2.328	1.000
5	8	5_C	8_C	1.5735	2.154	1.000
27	31	27_E	31_E	1.5480	2.119	1.000
26	29	26_C	29_C	1.3856	1.897	1.000
6	42	6_P	42_I	1.3237	1.812	1.000
3	11	3_E	11_N	1.2959	1.774	0.999
17	23	17_L	23_L	1.2465	1.707	0.999
8	29	8_C	29_C	1.2399	1.698	0.999
12	15	12_P	15_V	1.1956	1.637	0.999
17	25	17_L	25_F	1.0713	1.467	0.996
4	11	4_E	11_N	1.0442	1.430	0.995
34	47	34_L	47_I	0.8979	1.229	0.984
4	9	4_E	9_F	0.8806	1.206	0.982
15	18	15_V	18_L	0.8570	1.173	0.978
15	26	15_V	26_C	0.8152	1.116	0.969
8	26	8_C	26_C	0.7818	1.070	0.960
29	40	29_C	40_C	0.7807	1.069	0.960
18	22	18_L	22_H	0.7695	1.054	0.956
3	12	3_E	12_P	0.7572	1.037	0.951
16	27	16_V	27_E	0.7395	1.012	0.944
8	20	8_C	20_C	0.7377	1.010	0.943
6	9	6_P	9_F	0.7373	1.009	0.943
33	44	33_L	44_R	0.7165	0.981	0.933
33	39	33_L	39_K	0.7025	0.962	0.926
32	36	32_R	36_R	0.6928	0.949	0.920
39	44	39_K	44_R	0.6901	0.945	0.918
25	41	25_F	41_P	0.6758	0.925	0.909
33	38	33_L	38_K	0.6694	0.916	0.904
32	35	32_R	35_K	0.6634	0.908	0.900
34	38	34_L	38_K	0.6610	0.905	0.898
25	42	25_F	42_I	0.6453	0.883	0.886
28	31	28_E	31_E	0.6328	0.866	0.875
7	10	7_I	10_E	0.6285	0.860	0.871
22	42	22_H	42_I	0.6245	0.855	0.868
20	43	20_C	43_C	0.6073	0.831	0.850
15	23	15_V	23_L	0.5943	0.814	0.837
17	21	17_L	21_G	0.5885	0.806	0.830
9	42	9_F	42_I	0.5641	0.772	0.800
7	44	7_I	44_R	0.5611	0.768	0.796
9	44	9_F	44_R	0.5572	0.763	0.791
20	40	20_C	40_C	0.5350	0.733	0.761
25	33	25_F	33_L	0.5064	0.693	0.715
39	46	39_K	46_P	0.5012	0.686	0.707
14	27	14_D	27_E	0.4999	0.684	0.704
16	21	16_V	21_G	0.4966	0.680	0.699
33	37	33_L	37_K	0.4958	0.679	0.698
6	25	6_P	25_F	0.4916	0.673	0.691
3	23	3_E	23_L	0.4907	0.672	0.689
19	45	19_P	45_Q	0.4867	0.666	0.682
38	46	38_K	46_P	0.4854	0.664	0.679
13	23	13_R	23_L	0.4521	0.619	0.620
15	27	15_V	27_E	0.4511	0.618	0.618
18	30	18_L	30_A	0.4485	0.614	0.613
30	33	30_A	33_L	0.4463	0.611	0.609
31	35	31_E	35_K	0.4461	0.611	0.609
12	23	12_P	23_L	0.4456	0.610	0.608
15	31	15_V	31_E	0.4433	0.607	0.603
9	33	9_F	33_L	0.4398	0.602	0.596
28	32	28_E	32_R	0.4354	0.596	0.588
12	26	12_P	26_C	0.4313	0.590	0.580
8	22	8_C	22_H	0.4241	0.581	0.567
11	23	11_N	23_L	0.4214	0.577	0.562
30	41	30_A	41_P	0.4169	0.571	0.553
7	41	7_I	41_P	0.4134	0.566	0.546
26	33	26_C	33_L	0.4051	0.555	0.531
