i	j	i_id	j_id	r_sco	s_sco	prob
16	53	16_R	53_Q	1.9741	2.830	1.000
11	15	11_G	15_R	1.7355	2.488	1.000
7	11	7_N	11_G	1.6855	2.416	1.000
13	18	13_F	18_F	1.4188	2.034	1.000
12	53	12_V	53_Q	1.2676	1.817	1.000
16	49	16_R	49_Q	1.2473	1.788	0.999
51	55	51_V	55_E	1.2114	1.736	0.999
8	57	8_R	57_L	1.1822	1.695	0.999
7	14	7_N	14_R	1.1572	1.659	0.999
15	53	15_R	53_Q	1.1230	1.610	0.998
48	52	48_E	52_K	1.0554	1.513	0.997
21	41	21_E	41_S	1.0492	1.504	0.997
22	39	22_S	39_V	0.9490	1.360	0.993
6	23	6_L	23_L	0.9280	1.330	0.991
6	10	6_L	10_T	0.9003	1.290	0.989
12	16	12_V	16_R	0.8408	1.205	0.982
53	56	53_Q	56_K	0.8141	1.167	0.977
8	11	8_R	11_G	0.7930	1.137	0.973
10	20	10_T	20_I	0.7921	1.135	0.972
12	15	12_V	15_R	0.7915	1.135	0.972
5	8	5_V	8_R	0.7519	1.078	0.962
2	8	2_Q	8_R	0.7373	1.057	0.957
28	33	28_T	33_I	0.7309	1.048	0.954
7	10	7_N	10_T	0.7266	1.042	0.953
1	4	1_N	4_G	0.7252	1.039	0.952
3	17	3_P	17_G	0.7241	1.038	0.952
52	55	52_K	55_E	0.7006	1.004	0.941
46	49	46_E	49_Q	0.6946	0.996	0.939
49	52	49_Q	52_K	0.6925	0.993	0.938
25	34	25_V	34_S	0.6907	0.990	0.936
24	39	24_S	39_V	0.6852	0.982	0.934
9	36	9_I	36_I	0.6837	0.980	0.933
4	19	4_G	19_N	0.6782	0.972	0.930
47	51	47_I	51_V	0.6748	0.967	0.928
52	56	52_K	56_K	0.6623	0.949	0.920
13	40	13_F	40_V	0.6529	0.936	0.914
1	19	1_N	19_N	0.6475	0.928	0.910
3	19	3_P	19_N	0.6462	0.926	0.909
24	37	24_S	37_T	0.6364	0.912	0.902
2	5	2_Q	5_V	0.6258	0.897	0.894
28	35	28_T	35_R	0.6187	0.887	0.888
12	54	12_V	54_L	0.6180	0.886	0.888
19	41	19_N	41_S	0.6168	0.884	0.886
49	53	49_Q	53_Q	0.6159	0.883	0.886
42	47	42_G	47_I	0.5883	0.843	0.859
23	38	23_L	38_I	0.5792	0.830	0.850
13	38	13_F	38_I	0.5746	0.824	0.845
44	48	44_D	48_E	0.5655	0.811	0.835
12	57	12_V	57_L	0.5624	0.806	0.830
28	31	28_T	31_P	0.5609	0.804	0.829
9	54	9_I	54_L	0.5587	0.801	0.826
48	51	48_E	51_V	0.5561	0.797	0.823
3	14	3_P	14_R	0.5494	0.788	0.815
5	57	5_V	57_L	0.5419	0.777	0.805
11	14	11_G	14_R	0.5415	0.776	0.804
23	36	23_L	36_I	0.5280	0.757	0.785
21	39	21_E	39_V	0.5270	0.755	0.783
35	39	35_R	39_V	0.5267	0.755	0.783
45	49	45_R	49_Q	0.5245	0.752	0.780
18	50	18_F	50_L	0.5097	0.731	0.758
13	50	13_F	50_L	0.5083	0.729	0.756
45	50	45_R	50_L	0.5024	0.720	0.746
30	33	30_D	33_I	0.4975	0.713	0.738
1	34	1_N	34_S	0.4953	0.710	0.735
10	36	10_T	36_I	0.4801	0.688	0.709
21	27	21_E	27_P	0.4703	0.674	0.692
50	54	50_L	54_L	0.4682	0.671	0.688
26	39	26_G	39_V	0.4665	0.669	0.686
8	14	8_R	14_R	0.4612	0.661	0.675
41	45	41_S	45_R	0.4545	0.652	0.664
10	14	10_T	14_R	0.4251	0.609	0.606
45	48	45_R	48_E	0.4110	0.589	0.578
21	44	21_E	44_D	0.4086	0.586	0.574
26	35	26_G	35_R	0.4060	0.582	0.569
53	57	53_Q	57_L	0.4045	0.580	0.566
26	37	26_G	37_T	0.3965	0.568	0.549
6	20	6_L	20_I	0.3920	0.562	0.540
42	46	42_G	46_E	0.3875	0.555	0.531
12	50	12_V	50_L	0.3858	0.553	0.528
25	36	25_V	36_I	0.3850	0.552	0.526
37	40	37_T	40_V	0.3842	0.551	0.525
20	23	20_I	23_L	0.3836	0.550	0.524
39	42	39_V	42_G	0.3835	0.550	0.524
