i	j	i_id	j_id	r_sco	s_sco	prob
36	72	36_Y	72_I	2.0943	3.200	1.000
19	55	19_T	55_T	1.6278	2.487	1.000
19	57	19_T	57_T	1.5763	2.408	1.000
36	70	36_Y	70_T	1.5507	2.369	1.000
34	74	34_S	74_S	1.2819	1.958	1.000
34	72	34_S	72_I	1.2056	1.842	1.000
38	41	38_S	41_S	1.1814	1.805	1.000
24	73	24_A	73_A	1.1740	1.794	0.999
22	71	22_C	71_C	1.1076	1.692	0.999
38	42	38_S	42_F	1.0377	1.585	0.998
14	17	14_S	17_S	1.0360	1.583	0.998
21	55	21_T	55_T	1.0010	1.529	0.997
39	42	39_N	42_F	0.9968	1.523	0.997
13	16	13_T	16_G	0.9807	1.498	0.997
37	41	37_D	41_S	0.9712	1.484	0.997
12	15	12_V	15_G	0.9682	1.479	0.996
28	31	28_P	31_P	0.9581	1.464	0.996
37	40	37_D	40_P	0.9421	1.439	0.995
18	58	18_V	58_I	0.9171	1.401	0.994
5	23	5_S	23_S	0.9114	1.392	0.994
24	33	24_A	33_I	0.8519	1.302	0.990
13	61	13_T	61_V	0.8468	1.294	0.989
26	31	26_G	31_P	0.8185	1.251	0.986
35	56	35_W	56_L	0.8148	1.245	0.986
32	74	32_S	74_S	0.8124	1.241	0.985
58	61	58_I	61_V	0.7797	1.191	0.980
44	47	44_S	47_R	0.7459	1.140	0.973
33	54	33_I	54_S	0.7433	1.136	0.973
43	46	43_N	46_S	0.7400	1.131	0.972
49	54	49_S	54_S	0.7201	1.100	0.966
47	51	47_R	51_S	0.6982	1.067	0.959
40	43	40_P	43_N	0.6978	1.066	0.959
42	45	42_F	45_N	0.6879	1.051	0.955
8	11	8_P	11_V	0.6857	1.048	0.954
46	50	46_S	50_S	0.6724	1.027	0.948
23	53	23_S	53_N	0.6703	1.024	0.948
18	61	18_V	61_V	0.6563	1.003	0.941
47	50	47_R	50_S	0.6543	1.000	0.940
63	66	63_R	66_N	0.6497	0.993	0.938
48	52	48_G	52_S	0.6399	0.978	0.932
61	66	61_V	66_N	0.6312	0.964	0.926
62	65	62_T	65_D	0.6255	0.956	0.923
11	16	11_V	16_G	0.6229	0.952	0.921
41	44	41_S	44_S	0.6182	0.945	0.918
13	17	13_T	17_S	0.6124	0.936	0.914
45	48	45_N	48_G	0.5874	0.897	0.894
31	73	31_P	73_A	0.5815	0.888	0.889
58	65	58_I	65_D	0.5629	0.860	0.871
49	53	49_S	53_N	0.5602	0.856	0.868
48	51	48_G	51_S	0.5588	0.854	0.867
51	54	51_S	54_S	0.5556	0.849	0.864
10	15	10_P	15_G	0.5543	0.847	0.862
20	69	20_L	69_Y	0.5460	0.834	0.853
6	9	6_V	9_P	0.5377	0.822	0.843
58	69	58_I	69_Y	0.5370	0.820	0.842
31	35	31_P	35_W	0.5320	0.813	0.836
49	52	49_S	52_S	0.5170	0.790	0.817
32	35	32_S	35_W	0.5152	0.787	0.814
5	11	5_S	11_V	0.5128	0.783	0.810
66	69	66_N	69_Y	0.5092	0.778	0.806
9	12	9_P	12_V	0.5039	0.770	0.798
38	45	38_S	45_N	0.5029	0.768	0.796
31	34	31_P	34_S	0.4899	0.748	0.776
10	13	10_P	13_T	0.4844	0.740	0.768
21	53	21_T	53_N	0.4830	0.738	0.766
50	53	50_S	53_N	0.4808	0.735	0.763
37	42	37_D	42_F	0.4767	0.728	0.755
27	31	27_G	31_P	0.4743	0.725	0.752
24	54	24_A	54_S	0.4721	0.721	0.747
10	14	10_P	14_S	0.4671	0.714	0.740
39	43	39_N	43_N	0.4637	0.708	0.733
9	13	9_P	13_T	0.4609	0.704	0.728
15	63	15_G	63_R	0.4559	0.696	0.719
12	17	12_V	17_S	0.4531	0.692	0.714
61	65	61_V	65_D	0.4468	0.683	0.703
42	46	42_F	46_S	0.4377	0.669	0.686
11	14	11_V	14_S	0.4308	0.658	0.672
6	21	6_V	21_T	0.4279	0.654	0.666
32	36	32_S	36_Y	0.4261	0.651	0.663
50	54	50_S	54_S	0.4251	0.650	0.661
6	11	6_V	11_V	0.4235	0.647	0.657
41	47	41_S	47_R	0.4217	0.644	0.653
7	11	7_P	11_V	0.4176	0.638	0.645
40	44	40_P	44_S	0.4172	0.637	0.644
51	57	51_S	57_T	0.4135	0.632	0.637
24	31	24_A	31_P	0.4129	0.631	0.636
33	73	33_I	73_A	0.4122	0.630	0.635
23	55	23_S	55_T	0.4047	0.618	0.618
24	27	24_A	27_G	0.3988	0.609	0.606
37	44	37_D	44_S	0.3975	0.607	0.603
5	25	5_S	25_E	0.3955	0.604	0.599
43	47	43_N	47_R	0.3947	0.603	0.598
46	49	46_S	49_S	0.3917	0.598	0.591
48	53	48_G	53_N	0.3888	0.594	0.585
22	35	22_C	35_W	0.3883	0.593	0.584
38	43	38_S	43_N	0.3849	0.588	0.577
6	10	6_V	10_P	0.3839	0.587	0.576
5	8	5_S	8_P	0.3761	0.575	0.559
10	17	10_P	17_S	0.3749	0.573	0.556
54	57	54_S	57_T	0.3730	0.570	0.552
24	71	24_A	71_C	0.3729	0.570	0.552
28	33	28_P	33_I	0.3650	0.558	0.535
6	23	6_V	23_S	0.3647	0.557	0.533
26	73	26_G	73_A	0.3513	0.537	0.505
