i	j	i_id	j_id	r_sco	s_sco	prob
11	36	11_L	36_L	3.9722	3.984	1.000
24	50	24_E	50_A	2.4028	2.410	1.000
19	29	19_A	29_S	2.2309	2.237	1.000
10	14	10_A	14_R	2.1529	2.159	1.000
31	35	31_T	35_A	2.0002	2.006	1.000
10	13	10_A	13_K	1.8059	1.811	1.000
29	33	29_S	33_R	1.7525	1.758	0.999
21	32	21_L	32_L	1.6304	1.635	0.999
20	24	20_A	24_E	1.5937	1.598	0.998
19	23	19_A	23_R	1.5915	1.596	0.998
9	13	9_A	13_K	1.5429	1.547	0.998
18	33	18_L	33_R	1.5294	1.534	0.997
30	33	30_S	33_R	1.4649	1.469	0.996
6	57	6_D	57_E	1.3886	1.393	0.994
31	34	31_T	34_N	1.3475	1.351	0.992
16	20	16_T	20_A	1.3276	1.331	0.991
25	50	25_A	50_A	1.3077	1.311	0.990
33	37	33_R	37_R	1.2960	1.300	0.990
21	51	21_L	51_L	1.2526	1.256	0.987
16	50	16_T	50_A	1.2350	1.239	0.985
6	9	6_D	9_A	1.2119	1.215	0.983
17	20	17_S	20_A	1.2047	1.208	0.982
16	24	16_T	24_E	1.1941	1.198	0.981
8	36	8_K	36_L	1.1728	1.176	0.978
10	53	10_A	53_V	1.1717	1.175	0.978
45	49	45_R	49_D	1.1159	1.119	0.970
54	57	54_P	57_E	1.1035	1.107	0.968
35	43	35_A	43_G	1.0920	1.095	0.965
10	51	10_A	51_L	1.0597	1.063	0.958
27	43	27_L	43_G	1.0592	1.062	0.958
8	12	8_K	12_R	1.0571	1.060	0.957
14	52	14_R	52_G	1.0563	1.059	0.957
53	57	53_V	57_E	1.0507	1.054	0.956
40	43	40_W	43_G	0.9416	0.944	0.918
27	31	27_L	31_T	0.9289	0.932	0.912
18	29	18_L	29_S	0.9188	0.922	0.907
20	23	20_A	23_R	0.9103	0.913	0.903
43	46	43_G	46_I	0.8955	0.898	0.895
48	55	48_A	55_P	0.8708	0.873	0.880
27	32	27_L	32_L	0.8609	0.863	0.873
18	36	18_L	36_L	0.8325	0.835	0.853
22	32	22_S	32_L	0.8308	0.833	0.852
44	48	44_E	48_A	0.8183	0.821	0.843
14	51	14_R	51_L	0.8162	0.819	0.841
25	47	25_A	47_I	0.8149	0.817	0.839
48	58	48_A	58_I	0.8136	0.816	0.839
6	10	6_D	10_A	0.8079	0.810	0.834
7	35	7_I	35_A	0.8075	0.810	0.834
44	55	44_E	55_P	0.8053	0.808	0.832
30	34	30_S	34_N	0.8024	0.805	0.830
8	18	8_K	18_L	0.7975	0.800	0.825
35	39	35_A	39_P	0.7763	0.779	0.807
38	42	38_R	42_K	0.7711	0.773	0.801
22	29	22_S	29_S	0.7452	0.747	0.775
39	43	39_P	43_G	0.7401	0.742	0.770
25	43	25_A	43_G	0.7315	0.734	0.762
28	34	28_S	34_N	0.7124	0.715	0.741
16	21	16_T	21_L	0.7102	0.712	0.737
5	9	5_A	9_A	0.7099	0.712	0.737
26	46	26_G	46_I	0.7058	0.708	0.733
56	60	56_E	60_P	0.7045	0.707	0.732
28	31	28_S	31_T	0.7020	0.704	0.728
9	12	9_A	12_R	0.6935	0.696	0.719
10	57	10_A	57_E	0.6903	0.692	0.714
41	59	41_P	59_W	0.6777	0.680	0.699
32	36	32_L	36_L	0.6772	0.679	0.698
27	35	27_L	35_A	0.6745	0.676	0.694
18	32	18_L	32_L	0.6676	0.670	0.687
41	45	41_P	45_R	0.6547	0.657	0.670
31	43	31_T	43_G	0.6422	0.644	0.653
21	47	21_L	47_I	0.6251	0.627	0.631
38	41	38_R	41_P	0.6228	0.625	0.628
11	16	11_L	16_T	0.6077	0.609	0.606
49	61	49_D	61_S	0.6009	0.603	0.598
60	63	60_P	63_Y	0.5909	0.593	0.584
45	55	45_R	55_P	0.5874	0.589	0.578
46	49	46_I	49_D	0.5848	0.587	0.576
46	50	46_I	50_A	0.5711	0.573	0.556
21	50	21_L	50_A	0.5710	0.573	0.556
18	37	18_L	37_R	0.5659	0.568	0.549
32	35	32_L	35_A	0.5634	0.565	0.545
57	61	57_E	61_S	0.5502	0.552	0.526
6	61	6_D	61_S	0.5370	0.539	0.508
48	53	48_A	53_V	0.5326	0.534	0.501
35	40	35_A	40_W	0.5235	0.525	0.488
53	58	53_V	58_I	0.5231	0.525	0.488
45	56	45_R	56_E	0.5230	0.525	0.488
35	47	35_A	47_I	0.5134	0.515	0.474
54	60	54_P	60_P	0.5119	0.513	0.472
