51,79
34,39
26,48
43,80
15,31
61,64
32,45
17,30
28,48
51,54
35,39
32,36
65,69
60,64
57,60
37,41
44,47
19,28
71,74
50,79
55,68
62,66
43,78
53,77
51,56
63,67
64,67
52,57
32,39
29,43
64,68
18,60
18,62
17,28
70,74
66,70
52,70
39,44
15,33
31,45
54,77
67,70
11,37
33,36
16,60
18,26
29,32
30,45
67,72
68,71
11,33
52,76
15,30
38,42
17,20
32,38
27,65
35,40
38,41
32,41
52,78
15,18
47,50
62,69
58,62
54,79
72,76
18,27
57,65
67,74
18,21
27,60
29,49
10,73
74,77
28,46
14,43
69,72
70,76
11,16
53,76
14,38
11,15
27,62
38,43
21,26
56,59
39,42
37,40
19,27
52,65
63,66
13,29
16,69
49,80
47,80
60,68
32,35
