277,280
506,509
53,56
209,212
19,22
92,95
390,393
243,246
320,323
472,475
158,161
125,129
282,286
354,357
395,399
163,167
24,28
477,481
130,134
58,62
147,196
382,398
312,328
235,251
238,246
198,230
200,204
280,283
501,509
44,48
161,164
78,82
282,315
201,217
482,485
462,466
246,249
45,61
41,60
273,314
42,74
312,324
204,212
79,100
48,56
28,44
149,153
269,285
234,250
282,311
266,310
475,478
252,256
358,362
162,166
323,326
27,43
76,112
453,457
385,393
114,145
56,59
497,501
311,327
22,25
204,209
247,271
200,216
354,358
151,155
212,215
97,101
382,394
268,272
357,360
248,252
38,64
315,323
385,390
214,218
45,64
482,486
381,385
502,507
311,315
477,497
460,464
381,397
358,361
477,501
480,496
454,459
130,152
234,238
454,457
78,99
480,484
477,506
131,135
330,336
44,60
483,493
265,284
495,499
129,132
272,284
509,512
23,27
95,98
315,320
272,280
116,120
272,277
476,500
47,51
232,264
41,45
461,464
355,358
269,281
235,254
218,234
48,53
217,233
61,77
97,120
270,274
197,216
164,168
80,84
58,82
201,216
487,490
496,499
21,51
268,284
247,251
76,79
42,45
25,29
266,295
235,247
330,333
353,358
269,288
26,29
201,213
24,44
57,61
64,67
24,48
239,251
481,485
265,288
82,95
42,77
501,506
231,253
98,102
135,139
214,234
85,92
46,50
254,257
27,44
498,510
312,327
231,250
238,243
349,358
269,284
213,217
394,398
464,467
119,123
211,241
197,219
484,493
79,96
209,277
24,47
154,203
393,396
159,162
359,381
378,397
465,468
20,24
478,482
396,400
278,318
276,319
134,138
201,220
152,156
325,329
493,496
316,328
329,333
288,291
379,382
214,237
81,85
373,378
198,233
500,504
30,40
460,463
214,238
166,169
60,63
479,482
342,374
475,479
312,331
462,479
75,103
238,247
219,223
49,81
59,62
75,99
197,220
129,134
36,41
37,41
202,206
58,81
231,254
77,80
45,60
31,41
283,287
100,328
349,354
502,510
21,25
217,328
20,47
146,165
82,92
163,204
474,504
473,504
490,493
194,198
120,125
215,219
355,359
480,497
55,85
24,51
262,266
267,270
252,268
235,250
484,494
147,199
228,232
270,310
218,246
217,285
359,362
48,60
253,257
134,137
229,233
26,30
262,288
286,311
39,43
498,502
313,317
237,241
507,510
62,78
94,98
36,40
132,136
205,213
391,394
359,363
343,346
252,280
495,498
499,503
42,46
463,466
248,275
34,37
380,383
198,202
327,330
462,465
204,216
40,43
68,71
60,250
108,112
281,285
466,479
37,40
218,222
150,162
462,467
20,51
110,113
245,249
293,296
464,496
129,133
253,256
375,382
349,352
499,502
356,359
481,509
322,508
159,163
57,81
376,379
452,456
118,122
346,377
79,103
464,468
137,145
292,295
146,169
383,387
55,94
385,397
248,272
63,67
476,480
375,379
463,480
481,497
386,398
63,66
238,250
202,233
269,310
214,241
288,295
236,240
131,153
457,466
286,315
103,331
166,170
249,252
54,81
371,377
346,358
453,456
363,367
284,327
211,245
367,370
210,214
204,385
349,361
130,133
250,284
271,275
266,269
248,271
53,158
357,362
110,114
351,362
507,511
153,158
396,399
250,253
234,237
62,102
230,235
297,344
384,388
477,504
505,508
108,113
24,97
117,201
153,272
166,251
322,326
477,500
502,505
363,366
60,327
349,357
150,154
283,286
38,42
78,149
198,201
203,207
46,61
222,333
268,381
454,467
59,63
315,327
54,58
71,74
223,257
79,99
100,217
80,115
162,203
498,501
463,470
75,231
378,494
114,117
49,54
456,464
480,493
205,210
75,79
46,77
21,53
62,82
273,310
144,147
345,349
117,133
97,123
232,254
96,100
487,493
264,268
60,216
57,78
162,169
463,467
231,235
356,390
290,333
458,466
232,267
220,230
281,314
97,119
263,266
49,61
280,284
22,26
459,464
37,45
463,469
205,233
382,397
389,394
218,252
249,253
62,66
28,56
375,378
217,234
251,267
491,498
159,244
194,220
104,108
278,314
279,283
377,381
41,64
126,130
285,310
99,250
58,78
41,231
78,200
325,348
352,358
479,483
43,46
329,332
92,320
18,23
484,487
75,81
205,237
457,464
227,235
212,216
366,369
493,497
167,252
201,233
197,265
82,204
324,328
210,237
222,256
350,358
58,65
85,207
133,136
160,164
31,40
98,101
100,251
292,296
210,241
61,78
287,291
61,217
469,472
458,465
58,85
455,459
374,377
115,119
379,383
228,254
104,332
63,219
86,93
153,162
232,236
56,60
45,49
27,40
349,362
273,278
321,325
41,47
356,360
455,458
468,503
103,106
237,314
286,330
68,74
333,336
218,286
39,45
452,455
477,509
377,380
72,76
344,348
38,45
146,152
220,288
460,496
94,125
233,237
49,77
114,232
349,356
273,281
230,493
265,269
349,359
99,102
378,382
40,44
508,511
150,199
150,166
459,463
72,111
478,481
336,341
235,239
340,344
125,128
65,74
362,366
155,206
116,119
45,57
310,313
204,272
138,141
373,377
38,67
314,384
40,47
358,384
159,203
149,268
271,500
498,507
239,273
20,23
356,361
206,274
97,214
217,237
316,321
114,118
82,272
221,255
492,496
