36,72
19,55
19,57
36,70
34,74
34,72
38,41
24,73
22,71
38,42
14,17
21,55
39,42
13,16
37,41
12,15
28,31
37,40
18,58
5,23
24,33
13,61
26,31
35,56
32,74
58,61
44,47
33,54
43,46
49,54
47,51
40,43
42,45
8,11
46,50
23,53
18,61
47,50
63,66
48,52
61,66
62,65
11,16
41,44
13,17
45,48
31,73
58,65
49,53
48,51
51,54
10,15
20,69
6,9
58,69
31,35
49,52
32,35
5,11
66,69
9,12
38,45
31,34
10,13
21,53
50,53
37,42
27,31
24,54
10,14
39,43
9,13
15,63
12,17
61,65
42,46
11,14
6,21
32,36
50,54
6,11
41,47
7,11
40,44
51,57
24,31
33,73
23,55
24,27
37,44
5,25
43,47
46,49
48,53
22,35
38,43
6,10
5,8
10,17
54,57
24,71
28,33
6,23
26,73
