11,36
24,50
19,29
10,14
31,35
10,13
29,33
21,32
20,24
19,23
9,13
18,33
30,33
6,57
31,34
16,20
25,50
33,37
21,51
16,50
6,9
17,20
16,24
8,36
10,53
45,49
54,57
35,43
10,51
27,43
8,12
14,52
53,57
40,43
27,31
18,29
20,23
43,46
48,55
27,32
18,36
22,32
44,48
14,51
25,47
48,58
6,10
7,35
44,55
30,34
8,18
35,39
38,42
22,29
39,43
25,43
28,34
16,21
5,9
26,46
56,60
28,31
9,12
10,57
41,59
32,36
27,35
18,32
41,45
31,43
21,47
38,41
11,16
49,61
60,63
45,55
46,49
46,50
21,50
18,37
32,35
57,61
6,61
48,53
35,40
53,58
45,56
35,47
54,60
