29,32
18,54
20,54
25,57
36,57
35,77
60,67
20,56
23,36
21,39
68,71
60,74
26,74
46,50
31,34
23,57
59,62
19,79
23,35
21,77
23,31
27,59
43,47
43,75
24,78
48,52
22,80
25,36
64,67
19,53
24,60
34,38
27,66
25,59
43,46
46,75
21,79
69,80
49,55
63,66
18,52
45,48
23,77
45,49
44,47
63,67
35,39
30,34
37,43
34,37
31,74
21,55
71,76
14,18
19,52
24,58
28,72
48,51
46,49
24,69
16,19
14,17
44,48
33,36
30,33
19,23
49,52
39,55
31,73
70,80
27,61
27,62
51,55
49,53
28,74
29,37
35,38
70,78
22,56
16,54
75,79
23,32
26,61
28,61
25,33
39,45
72,76
15,20
24,76
50,55
28,33
58,66
38,45
61,66
52,55
75,80
